 -2.000D-01  0.000D+00  7.8996452D-03  1.7710660D-03  1.2731964D-19 -7.8996452D-03
 -1.920D-01  0.000D+00  9.0705429D-03  1.8544397D-03  1.1204658D-19 -9.0705429D-03
 -1.840D-01  0.000D+00  1.0494146D-02  1.9466093D-03  4.3317794D-19 -1.0494146D-02
 -1.760D-01  0.000D+00  1.2245415D-02  2.0491405D-03  3.9445266D-19 -1.2245415D-02
 -1.680D-01  0.000D+00  1.4428853D-02  2.1640179D-03 -9.5979421D-20 -1.4428853D-02
 -1.600D-01  0.000D+00  1.7193664D-02  2.2938023D-03  5.5660653D-19 -1.7193664D-02
 -1.520D-01  0.000D+00  2.0758889D-02  2.4418694D-03  3.2155488D-19 -2.0758889D-02
 -1.440D-01  0.000D+00  2.5456939D-02  2.6127819D-03 -7.4771833D-19 -2.5456939D-02
 -1.360D-01  0.000D+00  3.1812932D-02  2.8128996D-03  2.3801626D-18 -3.1812932D-02
 -1.280D-01  0.000D+00  4.0698600D-02  3.0514290D-03 -1.7378998D-18 -4.0698600D-02
 -1.200D-01  0.000D+00  5.3655040D-02  3.3423543D-03  4.4490406D-18 -5.3655040D-02
 -1.120D-01  0.000D+00  7.3639926D-02  3.7082961D-03  1.9981507D-18 -7.3639926D-02
 -1.040D-01  0.000D+00  1.0699228D-01  4.1890997D-03 -1.1048698D-17 -1.0699228D-01
 -9.600D-02  0.000D+00  1.6946289D-01  4.8637918D-03 -2.4936650D-18 -1.6946289D-01
 -8.800D-02  0.000D+00  3.0612398D-01  5.9146412D-03  3.0411871D-17 -3.0612398D-01
 -8.000D-02  0.000D+00  1.3941297D-01  7.2727965D-03  1.7195446D-16 -1.3941297D-01
 -7.200D-02  0.000D+00  3.3706493D-01  6.8996406D-03  8.3195576D-17  3.3706493D-01
 -6.400D-02  0.000D+00  6.6471432D-01  4.9655416D-03 -1.6884755D-16  6.6471432D-01
 -5.600D-02  0.000D+00  4.6952958D-01  3.2859582D-03  7.9934499D-18  4.6952958D-01
 -4.800D-02  0.000D+00  3.7516011D-01  2.1923208D-03  1.0501514D-17  3.7516011D-01
 -4.000D-02  0.000D+00  3.2317651D-01  1.4234473D-03  1.2365410D-17  3.2317651D-01
 -3.200D-02  0.000D+00  2.9168896D-01  8.6830828D-04 -1.0208865D-18  2.9168896D-01
 -2.400D-02  0.000D+00  2.7184831D-01  4.7213987D-04  1.8166739D-18  2.7184831D-01
 -1.600D-02  0.000D+00  2.5957178D-01  2.0513659D-04  1.2324329D-18  2.5957178D-01
 -8.000D-03  0.000D+00  2.5283859D-01  5.0619377D-05 -1.2279331D-18  2.5283859D-01
  0.000D+00  0.000D+00  2.5068929D-01  0.0000000D+00  0.0000000D+00  2.5068929D-01
  8.000D-03  0.000D+00  2.5283859D-01  5.0619377D-05 -1.2279331D-18  2.5283859D-01
  1.600D-02  0.000D+00  2.5957178D-01  2.0513659D-04  1.3177715D-18  2.5957178D-01
  2.400D-02  0.000D+00  2.7184831D-01  4.7213987D-04  1.6705607D-18  2.7184831D-01
  3.200D-02  0.000D+00  2.9168896D-01  8.6830828D-04 -1.0208865D-18  2.9168896D-01
  4.000D-02  0.000D+00  3.2317651D-01  1.4234473D-03  1.3728286D-17  3.2317651D-01
  4.800D-02  0.000D+00  3.7516011D-01  2.1923208D-03  8.1984319D-18  3.7516011D-01
  5.600D-02  0.000D+00  4.6952958D-01  3.2859582D-03  7.9934499D-18  4.6952958D-01
  6.400D-02  0.000D+00  6.6471432D-01  4.9655416D-03 -1.6884755D-16  6.6471432D-01
  7.200D-02  0.000D+00  3.3706493D-01  6.8996406D-03  8.3195576D-17  3.3706493D-01
  8.000D-02  0.000D+00  1.3941297D-01  7.2727965D-03  1.7195446D-16 -1.3941297D-01
  8.800D-02  0.000D+00  3.0612398D-01  5.9146412D-03  4.0467846D-17 -3.0612398D-01
  9.600D-02  0.000D+00  1.6946289D-01  4.8637918D-03  4.4655577D-18 -1.6946289D-01
  1.040D-01  0.000D+00  1.0699228D-01  4.1890997D-03 -1.5172054D-17 -1.0699228D-01
  1.120D-01  0.000D+00  7.3639926D-02  3.7082961D-03 -3.9132922D-19 -7.3639926D-02
  1.200D-01  0.000D+00  5.3655040D-02  3.3423543D-03  4.3008098D-18 -5.3655040D-02
  1.280D-01  0.000D+00  4.0698600D-02  3.0514290D-03 -1.7378998D-18 -4.0698600D-02
  1.360D-01  0.000D+00  3.1812932D-02  2.8128996D-03  2.3801626D-18 -3.1812932D-02
  1.440D-01  0.000D+00  2.5456939D-02  2.6127819D-03 -7.4771833D-19 -2.5456939D-02
  1.520D-01  0.000D+00  2.0758889D-02  2.4418694D-03  1.8560609D-19 -2.0758889D-02
  1.600D-01  0.000D+00  1.7193664D-02  2.2938023D-03  4.4913922D-19 -1.7193664D-02
  1.680D-01  0.000D+00  1.4428853D-02  2.1640179D-03 -2.5209818D-19 -1.4428853D-02
  1.760D-01  0.000D+00  1.2245415D-02  2.0491405D-03  3.4204249D-19 -1.2245415D-02
  1.840D-01  0.000D+00  1.0494146D-02  1.9466093D-03  4.3317794D-19 -1.0494146D-02
  1.920D-01  0.000D+00  9.0705429D-03  1.8544397D-03  1.1204658D-19 -9.0705429D-03
  2.000D-01  0.000D+00  7.8996452D-03  1.7710660D-03  1.2731964D-19 -7.8996452D-03
