 -2.000D+00  5.61985D+00  5.61985D+00
 -1.990D+00  5.68780D+00  5.68780D+00
 -1.980D+00  5.75677D+00  5.75677D+00
 -1.970D+00  5.82680D+00  5.82680D+00
 -1.960D+00  5.89789D+00  5.89789D+00
 -1.950D+00  5.97006D+00  5.97006D+00
 -1.940D+00  6.04334D+00  6.04334D+00
 -1.930D+00  6.11774D+00  6.11774D+00
 -1.920D+00  6.19328D+00  6.19328D+00
 -1.910D+00  6.26999D+00  6.26999D+00
 -1.900D+00  6.34788D+00  6.34788D+00
 -1.890D+00  6.42697D+00  6.42697D+00
 -1.880D+00  6.50729D+00  6.50729D+00
 -1.870D+00  6.58886D+00  6.58886D+00
 -1.860D+00  6.67169D+00  6.67169D+00
 -1.850D+00  6.75582D+00  6.75582D+00
 -1.840D+00  6.84126D+00  6.84126D+00
 -1.830D+00  6.92805D+00  6.92805D+00
 -1.820D+00  7.01619D+00  7.01619D+00
 -1.810D+00  7.10572D+00  7.10572D+00
 -1.800D+00  7.19666D+00  7.19666D+00
 -1.790D+00  7.28904D+00  7.28904D+00
 -1.780D+00  7.38288D+00  7.38288D+00
 -1.770D+00  7.47821D+00  7.47821D+00
 -1.760D+00  7.57505D+00  7.57505D+00
 -1.750D+00  7.67343D+00  7.67343D+00
 -1.740D+00  7.77339D+00  7.77339D+00
 -1.730D+00  7.87494D+00  7.87494D+00
 -1.720D+00  7.97812D+00  7.97812D+00
 -1.710D+00  8.08295D+00  8.08295D+00
 -1.700D+00  8.18946D+00  8.18946D+00
 -1.690D+00  8.29769D+00  8.29769D+00
 -1.680D+00  8.40767D+00  8.40767D+00
 -1.670D+00  8.51942D+00  8.51942D+00
 -1.660D+00  8.63298D+00  8.63298D+00
 -1.650D+00  8.74838D+00  8.74838D+00
 -1.640D+00  8.86566D+00  8.86566D+00
 -1.630D+00  8.98484D+00  8.98484D+00
 -1.620D+00  9.10596D+00  9.10596D+00
 -1.610D+00  9.22906D+00  9.22906D+00
 -1.600D+00  9.35416D+00  9.35416D+00
 -1.590D+00  9.48131D+00  9.48131D+00
 -1.580D+00  9.61055D+00  9.61055D+00
 -1.570D+00  9.74190D+00  9.74190D+00
 -1.560D+00  9.87541D+00  9.87541D+00
 -1.550D+00  1.00111D+01  1.00111D+01
 -1.540D+00  1.01491D+01  1.01491D+01
 -1.530D+00  1.02893D+01  1.02893D+01
 -1.520D+00  1.04318D+01  1.04318D+01
 -1.510D+00  1.05767D+01  1.05767D+01
 -1.500D+00  1.07240D+01  1.07240D+01
 -1.490D+00  1.08737D+01  1.08737D+01
 -1.480D+00  1.10259D+01  1.10259D+01
 -1.470D+00  1.11806D+01  1.11806D+01
 -1.460D+00  1.13378D+01  1.13378D+01
 -1.450D+00  1.14977D+01  1.14977D+01
 -1.440D+00  1.16603D+01  1.16603D+01
 -1.430D+00  1.18255D+01  1.18255D+01
 -1.420D+00  1.19935D+01  1.19935D+01
 -1.410D+00  1.21643D+01  1.21643D+01
 -1.400D+00  1.23379D+01  1.23379D+01
 -1.390D+00  1.25144D+01  1.25144D+01
 -1.380D+00  1.26939D+01  1.26939D+01
 -1.370D+00  1.28763D+01  1.28763D+01
 -1.360D+00  1.30618D+01  1.30618D+01
 -1.350D+00  1.32504D+01  1.32504D+01
 -1.340D+00  1.34421D+01  1.34421D+01
 -1.330D+00  1.36370D+01  1.36370D+01
 -1.320D+00  1.38351D+01  1.38351D+01
 -1.310D+00  1.40366D+01  1.40366D+01
 -1.300D+00  1.42414D+01  1.42414D+01
 -1.290D+00  1.44495D+01  1.44495D+01
 -1.280D+00  1.46612D+01  1.46612D+01
 -1.270D+00  1.48763D+01  1.48763D+01
 -1.260D+00  1.50950D+01  1.50950D+01
 -1.250D+00  1.53174D+01  1.53174D+01
 -1.240D+00  1.55434D+01  1.55434D+01
 -1.230D+00  1.57731D+01  1.57731D+01
 -1.220D+00  1.60066D+01  1.60066D+01
 -1.210D+00  1.62440D+01  1.62440D+01
 -1.200D+00  1.64852D+01  1.64852D+01
 -1.190D+00  1.67304D+01  1.67304D+01
 -1.180D+00  1.69797D+01  1.69797D+01
 -1.170D+00  1.72330D+01  1.72330D+01
 -1.160D+00  1.74904D+01  1.74904D+01
 -1.150D+00  1.77520D+01  1.77520D+01
 -1.140D+00  1.80178D+01  1.80178D+01
 -1.130D+00  1.82879D+01  1.82879D+01
 -1.120D+00  1.85624D+01  1.85624D+01
 -1.110D+00  1.88412D+01  1.88412D+01
 -1.100D+00  1.91246D+01  1.91246D+01
 -1.090D+00  1.94124D+01  1.94124D+01
 -1.080D+00  1.97048D+01  1.97048D+01
 -1.070D+00  2.00018D+01  2.00018D+01
 -1.060D+00  2.03035D+01  2.03035D+01
 -1.050D+00  2.06099D+01  2.06099D+01
 -1.040D+00  2.09211D+01  2.09211D+01
 -1.030D+00  2.12371D+01  2.12371D+01
 -1.020D+00  2.15579D+01  2.15579D+01
 -1.010D+00  2.18837D+01  2.18837D+01
 -1.000D+00  2.22144D+01  2.22144D+01
 -9.900D-01  2.25501D+01  2.25501D+01
 -9.800D-01  2.28909D+01  2.28909D+01
 -9.700D-01  2.32367D+01  2.32367D+01
 -9.600D-01  2.35877D+01  2.35877D+01
 -9.500D-01  2.39438D+01  2.39438D+01
 -9.400D-01  2.43051D+01  2.43051D+01
 -9.300D-01  2.46716D+01  2.46716D+01
 -9.200D-01  2.50433D+01  2.50433D+01
 -9.100D-01  2.54203D+01  2.54203D+01
 -9.000D-01  2.58025D+01  2.58025D+01
 -8.900D-01  2.61901D+01  2.61901D+01
 -8.800D-01  2.65829D+01  2.65829D+01
 -8.700D-01  2.69811D+01  2.69811D+01
 -8.600D-01  2.73846D+01  2.73846D+01
 -8.500D-01  2.77934D+01  2.77934D+01
 -8.400D-01  2.82075D+01  2.82075D+01
 -8.300D-01  2.86269D+01  2.86269D+01
 -8.200D-01  2.90516D+01  2.90516D+01
 -8.100D-01  2.94815D+01  2.94815D+01
 -8.000D-01  2.99167D+01  2.99167D+01
 -7.900D-01  3.03571D+01  3.03571D+01
 -7.800D-01  3.08027D+01  3.08027D+01
 -7.700D-01  3.12534D+01  3.12534D+01
 -7.600D-01  3.17091D+01  3.17091D+01
 -7.500D-01  3.21699D+01  3.21699D+01
 -7.400D-01  3.26356D+01  3.26356D+01
 -7.300D-01  3.31062D+01  3.31062D+01
 -7.200D-01  3.35815D+01  3.35815D+01
 -7.100D-01  3.40616D+01  3.40616D+01
 -7.000D-01  3.45462D+01  3.45462D+01
 -6.900D-01  3.50353D+01  3.50353D+01
 -6.800D-01  3.55288D+01  3.55288D+01
 -6.700D-01  3.60265D+01  3.60265D+01
 -6.600D-01  3.65283D+01  3.65283D+01
 -6.500D-01  3.70341D+01  3.70341D+01
 -6.400D-01  3.75436D+01  3.75436D+01
 -6.300D-01  3.80568D+01  3.80568D+01
 -6.200D-01  3.85734D+01  3.85734D+01
 -6.100D-01  3.90932D+01  3.90932D+01
 -6.000D-01  3.96161D+01  3.96161D+01
 -5.900D-01  4.01418D+01  4.01418D+01
 -5.800D-01  4.06701D+01  4.06701D+01
 -5.700D-01  4.12008D+01  4.12008D+01
 -5.600D-01  4.17335D+01  4.17335D+01
 -5.500D-01  4.22682D+01  4.22682D+01
 -5.400D-01  4.28043D+01  4.28043D+01
 -5.300D-01  4.33418D+01  4.33418D+01
 -5.200D-01  4.38803D+01  4.38803D+01
 -5.100D-01  4.44194D+01  4.44194D+01
 -5.000D-01  4.49588D+01  4.49588D+01
 -4.900D-01  4.54983D+01  4.54983D+01
 -4.800D-01  4.60374D+01  4.60374D+01
 -4.700D-01  4.65757D+01  4.65757D+01
 -4.600D-01  4.71130D+01  4.71130D+01
 -4.500D-01  4.76488D+01  4.76488D+01
 -4.400D-01  4.81828D+01  4.81828D+01
 -4.300D-01  4.87144D+01  4.87144D+01
 -4.200D-01  4.92433D+01  4.92433D+01
 -4.100D-01  4.97691D+01  4.97691D+01
 -4.000D-01  5.02913D+01  5.02913D+01
 -3.900D-01  5.08095D+01  5.08095D+01
 -3.800D-01  5.13231D+01  5.13231D+01
 -3.700D-01  5.18318D+01  5.18318D+01
 -3.600D-01  5.23351D+01  5.23351D+01
 -3.500D-01  5.28324D+01  5.28324D+01
 -3.400D-01  5.33233D+01  5.33233D+01
 -3.300D-01  5.38073D+01  5.38073D+01
 -3.200D-01  5.42839D+01  5.42839D+01
 -3.100D-01  5.47526D+01  5.47526D+01
 -3.000D-01  5.52128D+01  5.52128D+01
 -2.900D-01  5.56642D+01  5.56642D+01
 -2.800D-01  5.61061D+01  5.61061D+01
 -2.700D-01  5.65381D+01  5.65381D+01
 -2.600D-01  5.69596D+01  5.69596D+01
 -2.500D-01  5.73702D+01  5.73702D+01
 -2.400D-01  5.77694D+01  5.77694D+01
 -2.300D-01  5.81566D+01  5.81566D+01
 -2.200D-01  5.85315D+01  5.85315D+01
 -2.100D-01  5.88934D+01  5.88934D+01
 -2.000D-01  5.92420D+01  5.92420D+01
 -1.900D-01  5.95768D+01  5.95768D+01
 -1.800D-01  5.98974D+01  5.98974D+01
 -1.700D-01  6.02033D+01  6.02033D+01
 -1.600D-01  6.04941D+01  6.04941D+01
 -1.500D-01  6.07694D+01  6.07694D+01
 -1.400D-01  6.10288D+01  6.10288D+01
 -1.300D-01  6.12721D+01  6.12721D+01
 -1.200D-01  6.14987D+01  6.14987D+01
 -1.100D-01  6.17085D+01  6.17085D+01
 -1.000D-01  6.19010D+01  6.19010D+01
 -9.000D-02  6.20761D+01  6.20761D+01
 -8.000D-02  6.22335D+01  6.22335D+01
 -7.000D-02  6.23729D+01  6.23729D+01
 -6.000D-02  6.24941D+01  6.24941D+01
 -5.000D-02  6.25970D+01  6.25970D+01
 -4.000D-02  6.26814D+01  6.26814D+01
 -3.000D-02  6.27471D+01  6.27471D+01
 -2.000D-02  6.27942D+01  6.27942D+01
 -1.000D-02  6.28224D+01  6.28224D+01
  0.000D+00  6.28319D+01  6.28319D+01
  1.000D-02  6.28224D+01  6.28224D+01
  2.000D-02  6.27942D+01  6.27942D+01
  3.000D-02  6.27471D+01  6.27471D+01
  4.000D-02  6.26814D+01  6.26814D+01
  5.000D-02  6.25970D+01  6.25970D+01
  6.000D-02  6.24941D+01  6.24941D+01
  7.000D-02  6.23729D+01  6.23729D+01
  8.000D-02  6.22335D+01  6.22335D+01
  9.000D-02  6.20761D+01  6.20761D+01
  1.000D-01  6.19010D+01  6.19010D+01
  1.100D-01  6.17085D+01  6.17085D+01
  1.200D-01  6.14987D+01  6.14987D+01
  1.300D-01  6.12721D+01  6.12721D+01
  1.400D-01  6.10288D+01  6.10288D+01
  1.500D-01  6.07694D+01  6.07694D+01
  1.600D-01  6.04941D+01  6.04941D+01
  1.700D-01  6.02033D+01  6.02033D+01
  1.800D-01  5.98974D+01  5.98974D+01
  1.900D-01  5.95768D+01  5.95768D+01
  2.000D-01  5.92420D+01  5.92420D+01
  2.100D-01  5.88934D+01  5.88934D+01
  2.200D-01  5.85315D+01  5.85315D+01
  2.300D-01  5.81566D+01  5.81566D+01
  2.400D-01  5.77694D+01  5.77694D+01
  2.500D-01  5.73702D+01  5.73702D+01
  2.600D-01  5.69596D+01  5.69596D+01
  2.700D-01  5.65381D+01  5.65381D+01
  2.800D-01  5.61061D+01  5.61061D+01
  2.900D-01  5.56642D+01  5.56642D+01
  3.000D-01  5.52128D+01  5.52128D+01
  3.100D-01  5.47526D+01  5.47526D+01
  3.200D-01  5.42839D+01  5.42839D+01
  3.300D-01  5.38073D+01  5.38073D+01
  3.400D-01  5.33233D+01  5.33233D+01
  3.500D-01  5.28324D+01  5.28324D+01
  3.600D-01  5.23351D+01  5.23351D+01
  3.700D-01  5.18318D+01  5.18318D+01
  3.800D-01  5.13231D+01  5.13231D+01
  3.900D-01  5.08095D+01  5.08095D+01
  4.000D-01  5.02913D+01  5.02913D+01
  4.100D-01  4.97691D+01  4.97691D+01
  4.200D-01  4.92433D+01  4.92433D+01
  4.300D-01  4.87144D+01  4.87144D+01
  4.400D-01  4.81828D+01  4.81828D+01
  4.500D-01  4.76488D+01  4.76488D+01
  4.600D-01  4.71130D+01  4.71130D+01
  4.700D-01  4.65757D+01  4.65757D+01
  4.800D-01  4.60374D+01  4.60374D+01
  4.900D-01  4.54983D+01  4.54983D+01
  5.000D-01  4.49588D+01  4.49588D+01
  5.100D-01  4.44194D+01  4.44194D+01
  5.200D-01  4.38803D+01  4.38803D+01
  5.300D-01  4.33418D+01  4.33418D+01
  5.400D-01  4.28043D+01  4.28043D+01
  5.500D-01  4.22682D+01  4.22682D+01
  5.600D-01  4.17335D+01  4.17335D+01
  5.700D-01  4.12008D+01  4.12008D+01
  5.800D-01  4.06701D+01  4.06701D+01
  5.900D-01  4.01418D+01  4.01418D+01
  6.000D-01  3.96161D+01  3.96161D+01
  6.100D-01  3.90932D+01  3.90932D+01
  6.200D-01  3.85734D+01  3.85734D+01
  6.300D-01  3.80568D+01  3.80568D+01
  6.400D-01  3.75436D+01  3.75436D+01
  6.500D-01  3.70341D+01  3.70341D+01
  6.600D-01  3.65283D+01  3.65283D+01
  6.700D-01  3.60265D+01  3.60265D+01
  6.800D-01  3.55288D+01  3.55288D+01
  6.900D-01  3.50353D+01  3.50353D+01
  7.000D-01  3.45462D+01  3.45462D+01
  7.100D-01  3.40616D+01  3.40616D+01
  7.200D-01  3.35815D+01  3.35815D+01
  7.300D-01  3.31062D+01  3.31062D+01
  7.400D-01  3.26356D+01  3.26356D+01
  7.500D-01  3.21699D+01  3.21699D+01
  7.600D-01  3.17091D+01  3.17091D+01
  7.700D-01  3.12534D+01  3.12534D+01
  7.800D-01  3.08027D+01  3.08027D+01
  7.900D-01  3.03571D+01  3.03571D+01
  8.000D-01  2.99167D+01  2.99167D+01
  8.100D-01  2.94815D+01  2.94815D+01
  8.200D-01  2.90516D+01  2.90516D+01
  8.300D-01  2.86269D+01  2.86269D+01
  8.400D-01  2.82075D+01  2.82075D+01
  8.500D-01  2.77934D+01  2.77934D+01
  8.600D-01  2.73846D+01  2.73846D+01
  8.700D-01  2.69811D+01  2.69811D+01
  8.800D-01  2.65829D+01  2.65829D+01
  8.900D-01  2.61901D+01  2.61901D+01
  9.000D-01  2.58025D+01  2.58025D+01
  9.100D-01  2.54203D+01  2.54203D+01
  9.200D-01  2.50433D+01  2.50433D+01
  9.300D-01  2.46716D+01  2.46716D+01
  9.400D-01  2.43051D+01  2.43051D+01
  9.500D-01  2.39438D+01  2.39438D+01
  9.600D-01  2.35877D+01  2.35877D+01
  9.700D-01  2.32367D+01  2.32367D+01
  9.800D-01  2.28909D+01  2.28909D+01
  9.900D-01  2.25501D+01  2.25501D+01
  1.000D+00  2.22144D+01  2.22144D+01
  1.010D+00  2.18837D+01  2.18837D+01
  1.020D+00  2.15579D+01  2.15579D+01
  1.030D+00  2.12371D+01  2.12371D+01
  1.040D+00  2.09211D+01  2.09211D+01
  1.050D+00  2.06099D+01  2.06099D+01
  1.060D+00  2.03035D+01  2.03035D+01
  1.070D+00  2.00018D+01  2.00018D+01
  1.080D+00  1.97048D+01  1.97048D+01
  1.090D+00  1.94124D+01  1.94124D+01
  1.100D+00  1.91246D+01  1.91246D+01
  1.110D+00  1.88412D+01  1.88412D+01
  1.120D+00  1.85624D+01  1.85624D+01
  1.130D+00  1.82879D+01  1.82879D+01
  1.140D+00  1.80178D+01  1.80178D+01
  1.150D+00  1.77520D+01  1.77520D+01
  1.160D+00  1.74904D+01  1.74904D+01
  1.170D+00  1.72330D+01  1.72330D+01
  1.180D+00  1.69797D+01  1.69797D+01
  1.190D+00  1.67304D+01  1.67304D+01
  1.200D+00  1.64852D+01  1.64852D+01
  1.210D+00  1.62440D+01  1.62440D+01
  1.220D+00  1.60066D+01  1.60066D+01
  1.230D+00  1.57731D+01  1.57731D+01
  1.240D+00  1.55434D+01  1.55434D+01
  1.250D+00  1.53174D+01  1.53174D+01
  1.260D+00  1.50950D+01  1.50950D+01
  1.270D+00  1.48763D+01  1.48763D+01
  1.280D+00  1.46612D+01  1.46612D+01
  1.290D+00  1.44495D+01  1.44495D+01
  1.300D+00  1.42414D+01  1.42414D+01
  1.310D+00  1.40366D+01  1.40366D+01
  1.320D+00  1.38351D+01  1.38351D+01
  1.330D+00  1.36370D+01  1.36370D+01
  1.340D+00  1.34421D+01  1.34421D+01
  1.350D+00  1.32504D+01  1.32504D+01
  1.360D+00  1.30618D+01  1.30618D+01
  1.370D+00  1.28763D+01  1.28763D+01
  1.380D+00  1.26939D+01  1.26939D+01
  1.390D+00  1.25144D+01  1.25144D+01
  1.400D+00  1.23379D+01  1.23379D+01
  1.410D+00  1.21643D+01  1.21643D+01
  1.420D+00  1.19935D+01  1.19935D+01
  1.430D+00  1.18255D+01  1.18255D+01
  1.440D+00  1.16603D+01  1.16603D+01
  1.450D+00  1.14977D+01  1.14977D+01
  1.460D+00  1.13378D+01  1.13378D+01
  1.470D+00  1.11806D+01  1.11806D+01
  1.480D+00  1.10259D+01  1.10259D+01
  1.490D+00  1.08737D+01  1.08737D+01
  1.500D+00  1.07240D+01  1.07240D+01
  1.510D+00  1.05767D+01  1.05767D+01
  1.520D+00  1.04318D+01  1.04318D+01
  1.530D+00  1.02893D+01  1.02893D+01
  1.540D+00  1.01491D+01  1.01491D+01
  1.550D+00  1.00111D+01  1.00111D+01
  1.560D+00  9.87541D+00  9.87541D+00
  1.570D+00  9.74190D+00  9.74190D+00
  1.580D+00  9.61055D+00  9.61055D+00
  1.590D+00  9.48131D+00  9.48131D+00
  1.600D+00  9.35416D+00  9.35416D+00
  1.610D+00  9.22906D+00  9.22906D+00
  1.620D+00  9.10596D+00  9.10596D+00
  1.630D+00  8.98484D+00  8.98484D+00
  1.640D+00  8.86566D+00  8.86566D+00
  1.650D+00  8.74838D+00  8.74838D+00
  1.660D+00  8.63298D+00  8.63298D+00
  1.670D+00  8.51942D+00  8.51942D+00
  1.680D+00  8.40767D+00  8.40767D+00
  1.690D+00  8.29769D+00  8.29769D+00
  1.700D+00  8.18946D+00  8.18946D+00
  1.710D+00  8.08295D+00  8.08295D+00
  1.720D+00  7.97812D+00  7.97812D+00
  1.730D+00  7.87494D+00  7.87494D+00
  1.740D+00  7.77339D+00  7.77339D+00
  1.750D+00  7.67343D+00  7.67343D+00
  1.760D+00  7.57505D+00  7.57505D+00
  1.770D+00  7.47821D+00  7.47821D+00
  1.780D+00  7.38288D+00  7.38288D+00
  1.790D+00  7.28904D+00  7.28904D+00
  1.800D+00  7.19666D+00  7.19666D+00
  1.810D+00  7.10572D+00  7.10572D+00
  1.820D+00  7.01619D+00  7.01619D+00
  1.830D+00  6.92805D+00  6.92805D+00
  1.840D+00  6.84126D+00  6.84126D+00
  1.850D+00  6.75582D+00  6.75582D+00
  1.860D+00  6.67169D+00  6.67169D+00
  1.870D+00  6.58886D+00  6.58886D+00
  1.880D+00  6.50729D+00  6.50729D+00
  1.890D+00  6.42697D+00  6.42697D+00
  1.900D+00  6.34788D+00  6.34788D+00
  1.910D+00  6.26999D+00  6.26999D+00
  1.920D+00  6.19328D+00  6.19328D+00
  1.930D+00  6.11774D+00  6.11774D+00
  1.940D+00  6.04334D+00  6.04334D+00
  1.950D+00  5.97006D+00  5.97006D+00
  1.960D+00  5.89789D+00  5.89789D+00
  1.970D+00  5.82680D+00  5.82680D+00
  1.980D+00  5.75677D+00  5.75677D+00
  1.990D+00  5.68780D+00  5.68780D+00
  2.000D+00  5.61985D+00  5.61985D+00
