  0.000D+00  0.00000D+00  0.00000D+00
  1.000D-02  1.97392D-03  1.97394D-03
  2.000D-02  7.89571D-03  7.89572D-03
  3.000D-02  1.77654D-02  1.77654D-02
  4.000D-02  3.15831D-02  3.15829D-02
  5.000D-02  4.93489D-02  4.93485D-02
  6.000D-02  7.10631D-02  7.10621D-02
  7.000D-02  9.67257D-02  9.67239D-02
  8.000D-02  1.26337D-01  1.26334D-01
  9.000D-02  1.59897D-01  1.59892D-01
  1.000D-01  1.97407D-01  1.97399D-01
  1.100D-01  2.38866D-01  2.38855D-01
  1.200D-01  2.84275D-01  2.84260D-01
  1.300D-01  3.33635D-01  3.33614D-01
  1.400D-01  3.86945D-01  3.86917D-01
  1.500D-01  4.44207D-01  4.44170D-01
  1.600D-01  5.05421D-01  5.05372D-01
  1.700D-01  5.70587D-01  5.70525D-01
  1.800D-01  6.39706D-01  6.39628D-01
  1.900D-01  7.12778D-01  7.12682D-01
  2.000D-01  7.89805D-01  7.89687D-01
  2.100D-01  8.70787D-01  8.70643D-01
  2.200D-01  9.55725D-01  9.55551D-01
  2.300D-01  1.04462D+00  1.04441D+00
  2.400D-01  1.13747D+00  1.13722D+00
  2.500D-01  1.23428D+00  1.23399D+00
  2.600D-01  1.33505D+00  1.33471D+00
  2.700D-01  1.43978D+00  1.43938D+00
  2.800D-01  1.54846D+00  1.54801D+00
  2.900D-01  1.66112D+00  1.66059D+00
  3.000D-01  1.77773D+00  1.77713D+00
  3.100D-01  1.89831D+00  1.89762D+00
  3.200D-01  2.02285D+00  2.02207D+00
  3.300D-01  2.15136D+00  2.15048D+00
  3.400D-01  2.28383D+00  2.28284D+00
  3.500D-01  2.42028D+00  2.41916D+00
  3.600D-01  2.56069D+00  2.55945D+00
  3.700D-01  2.70508D+00  2.70369D+00
  3.800D-01  2.85343D+00  2.85189D+00
  3.900D-01  3.00576D+00  3.00405D+00
  4.000D-01  3.16207D+00  3.16017D+00
  4.100D-01  3.32235D+00  3.32025D+00
  4.200D-01  3.48661D+00  3.48430D+00
  4.300D-01  3.65485D+00  3.65231D+00
  4.400D-01  3.82707D+00  3.82429D+00
  4.500D-01  4.00327D+00  4.00023D+00
  4.600D-01  4.18346D+00  4.18014D+00
  4.700D-01  4.36763D+00  4.36401D+00
  4.800D-01  4.55579D+00  4.55185D+00
  4.900D-01  4.74794D+00  4.74366D+00
  5.000D-01  4.94408D+00  4.93944D+00
  5.100D-01  5.14421D+00  5.13918D+00
  5.200D-01  5.34833D+00  5.34290D+00
  5.300D-01  5.55646D+00  5.55059D+00
  5.400D-01  5.76858D+00  5.76226D+00
  5.500D-01  5.98470D+00  5.97790D+00
  5.600D-01  6.20482D+00  6.19751D+00
  5.700D-01  6.42894D+00  6.42110D+00
  5.800D-01  6.65708D+00  6.64866D+00
  5.900D-01  6.88922D+00  6.88021D+00
  6.000D-01  7.12537D+00  7.11573D+00
  6.100D-01  7.36553D+00  7.35523D+00
  6.200D-01  7.60971D+00  7.59872D+00
  6.300D-01  7.85790D+00  7.84618D+00
  6.400D-01  8.11011D+00  8.09763D+00
  6.500D-01  8.36635D+00  8.35306D+00
  6.600D-01  8.62661D+00  8.61248D+00
  6.700D-01  8.89089D+00  8.87589D+00
  6.800D-01  9.15920D+00  9.14328D+00
  6.900D-01  9.43155D+00  9.41467D+00
  7.000D-01  9.70792D+00  9.69004D+00
  7.100D-01  9.98833D+00  9.96940D+00
  7.200D-01  1.02728D+01  1.02528D+01
  7.300D-01  1.05613D+01  1.05401D+01
  7.400D-01  1.08538D+01  1.08315D+01
  7.500D-01  1.11504D+01  1.11268D+01
  7.600D-01  1.14510D+01  1.14262D+01
  7.700D-01  1.17557D+01  1.17295D+01
  7.800D-01  1.20644D+01  1.20368D+01
  7.900D-01  1.23772D+01  1.23482D+01
  8.000D-01  1.26941D+01  1.26635D+01
  8.100D-01  1.30150D+01  1.29829D+01
  8.200D-01  1.33400D+01  1.33063D+01
  8.300D-01  1.36691D+01  1.36336D+01
  8.400D-01  1.40022D+01  1.39650D+01
  8.500D-01  1.43394D+01  1.43004D+01
  8.600D-01  1.46807D+01  1.46398D+01
  8.700D-01  1.50260D+01  1.49832D+01
  8.800D-01  1.53755D+01  1.53307D+01
  8.900D-01  1.57290D+01  1.56821D+01
  9.000D-01  1.60866D+01  1.60376D+01
  9.100D-01  1.64484D+01  1.63971D+01
  9.200D-01  1.68142D+01  1.67606D+01
  9.300D-01  1.71841D+01  1.71281D+01
  9.400D-01  1.75581D+01  1.74997D+01
  9.500D-01  1.79362D+01  1.78753D+01
  9.600D-01  1.83185D+01  1.82549D+01
  9.700D-01  1.87049D+01  1.86385D+01
  9.800D-01  1.90953D+01  1.90262D+01
  9.900D-01  1.94899D+01  1.94179D+01
  1.000D+00  1.98887D+01  1.98137D+01
